2 0 0
1 0 4
1 0 5
1 0 6
1 0 7
1 0 8
1 0 9
1 0 10
4 0 11
1 0 12
1 0 13
1 0 14
1 0 15
1 0 16
1 0 17
1 0 18
2 0 21
1 1 4
1 1 5
1 1 17
1 1 18
1 2 2
1 2 3
1 2 4
1 2 18
1 2 19
1 2 20
1 3 2
1 3 3
2 3 7
2 3 8
1 3 9
1 3 13
2 3 14
2 3 15
1 3 19
1 3 20
1 4 2
2 4 7
2 4 8
1 4 9
1 4 13
2 4 14
2 4 15
1 4 20
1 5 2
1 5 9
1 5 13
1 5 20
1 6 2
1 6 3
1 6 8
1 6 9
1 6 13
1 6 14
1 6 19
1 6 20
1 7 3
1 7 4
1 7 5
1 7 6
1 7 7
1 7 8
2 7 10
2 7 12
1 7 14
1 7 15
1 7 16
1 7 17
1 7 18
1 7 19
1 8 4
1 8 5
1 8 17
1 8 18
1 9 5
1 9 9
1 9 13
1 9 17
1 10 5
1 10 9
1 10 13
1 10 17
1 11 5
1 11 9
1 11 13
1 11 17
1 12 5
1 12 9
1 12 13
1 12 17
1 13 5
1 13 9
1 13 13
1 13 17
5 14 5
1 14 5
1 14 6
1 14 7
1 14 8
1 14 9
1 14 10
1 14 11
1 14 12
1 14 13
1 14 14
1 14 15
1 14 16
5 14 17
1 14 17
2 15 0
2 15 20
