1 1 6
1 1 12
1 2 6
3 2 7
3 2 9
1 2 12
1 3 6
2 3 8
1 3 10
1 3 11
1 3 12
1 3 13
1 3 14
1 3 15
1 3 16
1 3 17
1 3 18
1 3 19
1 3 20
1 4 6
2 4 8
1 4 10
3 4 12
3 4 13
1 4 15
3 4 17
1 4 19
1 5 1
1 5 2
1 5 3
1 5 4
1 5 5
1 5 6
2 5 8
1 5 10
2 5 12
2 5 13
1 5 15
2 5 17
1 5 19
1 6 6
2 6 8
1 6 10
2 6 12
2 6 13
1 6 15
2 6 17
1 6 19
1 7 6
1 7 10
2 7 12
2 7 13
1 7 15
1 7 19
3 8 2
3 8 4
1 8 6
1 8 7
1 8 8
1 8 9
5 8 10
1 8 10
2 8 12
2 8 13
4 8 15
1 8 16
1 8 17
1 8 18
1 8 19
1 8 20
1 9 10
1 9 15
2 10 1
2 10 2
2 10 3
2 10 4
2 10 5
2 10 6
2 10 7
2 10 8
1 10 10
1 10 15
1 11 10
1 11 11
1 11 12
1 11 13
1 11 14
1 11 15
1 12 5
1 12 6
1 12 7
1 12 8
1 12 9
1 12 10
1 12 15
2 12 19
2 12 20
2 12 21
2 13 19
2 13 20
2 13 21
2 14 19
2 14 20
2 14 21
