4 3 1
5 3 19
1 3 19
1 4 1
3 4 5
3 4 6
3 4 7
3 4 8
3 4 9
3 4 10
3 4 11
3 4 12
3 4 13
3 4 14
3 4 15
1 4 19
1 5 1
2 5 6
2 5 7
2 5 8
2 5 9
2 5 10
2 5 11
2 5 12
2 5 13
2 5 14
1 5 19
1 6 1
2 6 8
2 6 9
2 6 10
2 6 11
2 6 12
1 6 19
1 7 1
2 7 8
2 7 9
2 7 10
2 7 11
2 7 12
1 7 13
1 7 14
1 7 15
1 7 16
1 7 17
1 7 18
1 7 19
1 8 1
2 8 8
2 8 9
2 8 10
2 8 11
2 8 12
1 8 19
1 9 1
2 9 3
2 9 5
2 9 7
2 9 8
2 9 9
2 9 10
2 9 11
2 9 12
2 9 13
2 9 15
2 9 17
1 9 19
1 10 1
1 10 19
1 11 1
1 11 2
1 11 3
1 11 4
1 11 5
1 11 6
1 11 7
1 11 8
1 11 9
1 11 10
1 11 11
1 11 12
1 11 13
1 11 14
1 11 15
1 11 16
1 11 17
1 11 18
1 11 19
2 14 6
2 14 7
2 14 10
2 14 11
2 14 14
2 14 15
