3 0 14
3 0 20
3 0 21
1 1 10
1 2 10
2 2 15
2 2 16
2 2 17
2 2 18
2 2 19
5 3 5
1 3 5
1 3 6
1 3 7
1 3 8
1 3 9
1 3 10
2 3 15
2 3 16
2 3 17
2 3 18
2 3 19
3 4 2
1 4 10
1 5 10
1 6 1
1 6 2
1 6 3
1 6 4
1 6 5
1 6 10
1 7 2
1 7 10
1 7 11
1 7 12
1 7 13
1 7 14
4 7 15
1 7 16
1 7 17
1 7 18
1 8 2
1 8 10
1 9 2
1 9 10
3 9 17
3 9 19
1 10 7
1 10 8
1 10 9
1 10 10
2 11 1
2 11 2
2 11 3
2 11 4
2 11 17
2 11 18
2 11 19
2 12 1
2 12 2
2 12 3
2 12 4
2 12 17
2 12 18
2 12 19
3 13 7
3 13 8
3 13 9
3 13 10
2 13 17
2 13 18
2 13 19
2 14 17
2 14 18
2 14 19
2 15 21
