1 0 0
1 0 1
1 0 2
1 0 3
1 0 4
1 0 5
1 0 6
1 0 7
1 0 8
1 0 9
1 0 10
1 0 11
1 0 12
1 0 13
1 0 14
1 0 15
1 0 16
1 0 17
1 0 18
1 0 19
1 0 20
1 0 21
1 0 22
1 0 23
1 1 0
2 1 1
2 1 2
2 1 3
2 1 4
2 1 5
2 1 6
2 1 7
2 1 8
2 1 9
2 1 10
2 1 11
2 1 12
2 1 13
2 1 14
2 1 15
2 1 16
2 1 17
2 1 18
2 1 19
2 1 20
2 1 21
2 1 22
1 1 23
1 2 0
2 2 1
4 2 2
1 2 3
1 2 4
1 2 5
1 2 6
1 2 7
1 2 8
1 2 9
1 2 10
1 2 11
1 2 12
1 2 13
1 2 14
1 2 15
1 2 16
1 2 17
1 2 18
1 2 19
1 2 20
1 2 21
1 2 22
1 2 23
1 3 0
2 3 1
1 3 2
5 3 3
1 3 3
2 3 4
2 3 5
2 3 6
2 3 7
2 3 8
2 3 9
2 3 10
2 3 11
2 3 12
2 3 13
2 3 14
2 3 15
2 3 16
2 3 17
2 3 18
2 3 19
2 3 20
2 3 21
1 3 22
2 3 23
1 4 0
2 4 1
1 4 2
2 4 3
1 4 4
1 4 5
1 4 6
1 4 7
1 4 8
1 4 9
1 4 10
1 4 11
1 4 12
1 4 13
1 4 14
1 4 15
1 4 16
1 4 17
1 4 18
1 4 19
1 4 20
1 4 21
1 4 22
2 4 23
1 5 0
2 5 1
1 5 2
2 5 3
1 5 4
2 5 5
2 5 6
2 5 7
2 5 8
2 5 9
2 5 10
2 5 11
2 5 12
2 5 13
2 5 14
2 5 15
2 5 16
5 5 17
1 5 17
2 5 18
2 5 19
2 5 20
1 5 21
1 5 22
2 5 23
1 6 0
2 6 1
1 6 2
2 6 3
1 6 4
2 6 5
1 6 6
1 6 7
1 6 8
1 6 9
1 6 10
1 6 11
1 6 12
1 6 13
1 6 14
1 6 15
1 6 16
1 6 17
1 6 18
1 6 19
1 6 20
1 6 21
1 6 22
2 6 23
1 7 0
2 7 1
1 7 2
2 7 3
1 7 4
2 7 5
1 7 6
2 7 7
2 7 8
2 7 9
2 7 10
2 7 11
2 7 12
2 7 13
2 7 14
2 7 15
2 7 16
2 7 17
2 7 18
2 7 19
1 7 20
1 7 21
1 7 22
2 7 23
1 8 0
2 8 1
1 8 2
2 8 3
1 8 4
2 8 5
1 8 6
2 8 7
1 8 8
1 8 9
1 8 10
1 8 11
1 8 12
1 8 13
1 8 14
1 8 15
1 8 16
1 8 17
1 8 18
1 8 19
1 8 20
1 8 21
1 8 22
2 8 23
1 9 0
2 9 1
1 9 2
2 9 3
1 9 4
2 9 5
1 9 6
2 9 7
1 9 8
2 9 9
2 9 10
2 9 11
2 9 12
2 9 13
2 9 14
2 9 15
2 9 16
2 9 17
2 9 18
1 9 19
1 9 20
1 9 21
1 9 22
2 9 23
1 10 0
2 10 1
1 10 2
2 10 3
1 10 4
2 10 5
1 10 6
2 10 7
1 10 8
2 10 9
1 10 10
1 10 11
1 10 12
1 10 13
1 10 14
1 10 15
1 10 16
1 10 17
1 10 18
1 10 19
1 10 20
1 10 21
1 10 22
2 10 23
1 11 0
2 11 1
1 11 2
2 11 3
1 11 4
2 11 5
1 11 6
2 11 7
1 11 8
1 11 9
1 11 10
2 11 11
2 11 12
2 11 13
2 11 14
2 11 15
2 11 16
2 11 17
1 11 18
1 11 19
1 11 20
1 11 21
1 11 22
2 11 23
1 12 0
2 12 1
1 12 2
2 12 3
1 12 4
2 12 5
1 12 6
1 12 7
1 12 8
1 12 9
1 12 10
1 12 11
1 12 12
1 12 13
1 12 14
1 12 15
1 12 16
1 12 17
1 12 18
1 12 19
1 12 20
1 12 21
1 12 22
2 12 23
1 13 0
2 13 1
1 13 2
2 13 3
1 13 4
1 13 5
1 13 6
1 13 7
1 13 8
1 13 9
1 13 10
1 13 11
2 13 12
2 13 13
2 13 14
2 13 15
2 13 16
1 13 17
1 13 18
1 13 19
1 13 20
1 13 21
1 13 22
2 13 23
1 14 0
2 14 1
1 14 2
1 14 3
1 14 4
1 14 5
1 14 6
1 14 7
1 14 8
1 14 9
1 14 10
1 14 11
1 14 12
1 14 13
1 14 14
1 14 15
1 14 16
1 14 17
1 14 18
1 14 19
1 14 20
1 14 21
5 14 22
1 14 22
2 14 23
1 15 0
1 15 1
1 15 2
1 15 3
1 15 4
1 15 5
1 15 6
1 15 7
1 15 8
1 15 9
1 15 10
1 15 11
1 15 12
2 15 13
2 15 14
2 15 15
1 15 16
2 15 17
2 15 18
2 15 19
2 15 20
2 15 21
2 15 22
2 15 23
